1250.01717865 -0.266150488123
275.603533444 0.176075600907
497.336898237 -1.16613757466
133.530135879 0.772398972379
615.179697001 -0.331010639482
1275.88963384 0.391338561677
478.958340354 -0.797021989783
690.83465657 0.785228040042
1871.56218055 0.0664659511012
1839.44171475 -0.239586964881
123.737397983 0.744927817784
1576.48873254 0.143106679886
216.393665669 0.629189427591
889.775145352 0.30296555954
521.759111346 -1.07507666306
786.896969843 1.19988768106
207.494947456 0.67558387397
82.3158229519 0.533296790928
1601.33057159 -0.100619800572
1171.26479025 -0.5537321207
1089.85962809 -1.19530131733
270.922707383 0.219019865011
1512.99055842 0.346398229094
1060.12552008 -1.12325837137
